00011101001011100111100100110101100100100110010000
01111000111111111011001010111001011001011011011010
01110001111110110100001100010011111001000100010001
01001000111101011101010000011110011000001100001100
01011011100001000001010000011000111110010111001000
00010001000001000011111000001101100110110111111111
01101001000111011111110110011010011001011011010100
00000000101011010101001101101001001001010001001110
01101111111100001101110100010101001000101111010100
10000110010110101010101110000101110000010101100011
10111101000011000110111111111011100111001101111101
00100100101110101010100110000000011110101000100100
00001110110101110111000111010100000110111010111001
01011111101001010001100110110110110110100011000111
00000101011111111110111110100001010001111010000011
11110011010110011011101001101101000100001000110100
11110100010000111010110110011010100111001101110100
00111111010101011101100111110011000111100111100101
11100000101110010001000100001000010110110001010010
11011110000111101000000110111110101110000011000101
00111111100100001110001011011110010011001110010111
01110001001110011000010011111001100110010101011001
01101100010010101011010010001101111011101000000001
01101011000110100100000010110001110101111100110110
11100111011111000010111101100111001110100001101000
11010000110011110011101110100101000011011001001011
00001000000001101100000011000011110110010111010101
11000111010101101111100001000100110010110001010010
10111100011110110000010100100001000011010111100010
10111001000101001011111000011011101001111101000010
